function T = Tx(s)

T = [   1    0   0    s; ...
        0    1   0    0; ...
        0    0   1    0; ...
        0    0   0    1];