function T = Tyd(s)

T = [   0    0   0    0; ...
        0    0   0    1; ...
        0    0   0    0; ...
        0    0   0    0];