function T = Tz(s)

T = [   1    0   0    0; ...
        0    1   0    0; ...
        0    0   1    s; ...
        0    0   0    1];